3,2
3,1
3,3
10,258
10,260
10,154
10,218
10,224
10,184
10,2
10,3
11,8
11,11
11,15
11,2
11,3
9,7
9,6
9,1
9,4
9,2
9,3
8,5
8,9
8,13
8,6
8,18
8,12
8,17
0,536
92,5
92,4
92,3
92,2
92,1
92,0
89,4
89,3
89,2
89,1
89,0
88,3
88,2
88,1
88,0
87,4
87,3
87,2
87,1
87,0
86,3
86,2
86,1
86,0
84,3
84,2
84,1
84,0
83,3
83,2
83,1
83,0
78,3
78,2
78,1
78,0
20,3
20,2
20,1
19,3
19,2
19,1
18,3
18,1
14,5
14,4
14,3
14,1
13,3
13,1
12,3
12,2
12,1
11,30
11,29
11,28
11,27
11,26
11,25
11,24
11,23
11,22
11,21
11,1
10,317
10,316
10,315
10,314
10,313
10,312
10,311
10,310
10,309
10,308
10,307
10,306
10,305
10,304
10,303
10,302
10,301
10,300
10,299
10,298
10,297
10,296
10,295
10,294
10,293
10,292
10,291
